-5.693676471710205078e-01 -3.110860288143157959e-01 2.857666611671447754e-01 1.000000000000000000e+00
-5.529369711875915527e-01 -1.593163609504699707e-01 2.975946068763732910e-01 1.000000000000000000e+00
-5.192812681198120117e-01 8.699259720742702484e-03 3.054759204387664795e-01 1.000000000000000000e+00
-4.802423119544982910e-01 1.483995318412780762e-01 2.619599699974060059e-01 0.000000000000000000e+00
-4.248701035976409912e-01 2.873453795909881592e-01 1.844986081123352051e-01 1.000000000000000000e+00
-3.394138813018798828e-01 4.224208593368530273e-01 8.356491476297378540e-02 1.000000000000000000e+00
-2.431050539016723633e-01 5.765324831008911133e-01 4.216301068663597107e-02 1.000000000000000000e+00
-1.076750606298446655e-01 6.911125779151916504e-01 2.659775549545884132e-03 1.000000000000000000e+00
4.977589473128318787e-02 7.337417602539062500e-01 9.678782895207405090e-03 0.000000000000000000e+00
1.832881867885589600e-01 6.764426231384277344e-01 8.667178452014923096e-03 1.000000000000000000e+00
3.087043464183807373e-01 5.508860349655151367e-01 5.018004775047302246e-02 1.000000000000000000e+00
3.880898654460906982e-01 3.868710100650787354e-01 8.962706476449966431e-02 1.000000000000000000e+00
4.591169357299804688e-01 2.390644848346710205e-01 1.845527887344360352e-01 1.000000000000000000e+00
4.968514740467071533e-01 8.997276425361633301e-02 2.582165002822875977e-01 0.000000000000000000e+00
5.301772356033325195e-01 -5.093437805771827698e-02 2.970667183399200439e-01 1.000000000000000000e+00
5.453646183013916016e-01 -2.249456197023391724e-01 2.838115990161895752e-01 1.000000000000000000e+00
5.540351271629333496e-01 -3.795442283153533936e-01 2.755025327205657959e-01 1.000000000000000000e+00
-4.846131503582000732e-01 -4.218995869159698486e-01 -6.186149641871452332e-02 1.000000000000000000e+00
-4.343076050281524658e-01 -5.655292272567749023e-01 -1.762340813875198364e-01 1.000000000000000000e+00
-3.212942183017730713e-01 -6.093732118606567383e-01 -2.831312417984008789e-01 1.000000000000000000e+00
-2.030145823955535889e-01 -6.023869514465332031e-01 -3.376771509647369385e-01 1.000000000000000000e+00
-9.591200202703475952e-02 -5.628731250762939453e-01 -3.593390882015228271e-01 1.000000000000000000e+00
5.597567558288574219e-02 -5.723922252655029297e-01 -3.630419373512268066e-01 1.000000000000000000e+00
1.577841043472290039e-01 -6.227152943611145020e-01 -3.487919569015502930e-01 1.000000000000000000e+00
2.747530639171600342e-01 -6.412011981010437012e-01 -2.939918041229248047e-01 1.000000000000000000e+00
3.907389938831329346e-01 -6.142420172691345215e-01 -1.789715588092803955e-01 1.000000000000000000e+00
4.557983577251434326e-01 -4.841440021991729736e-01 -6.341435760259628296e-02 1.000000000000000000e+00
-1.075273100286722183e-02 -4.433577060699462891e-01 -3.833136260509490967e-01 1.000000000000000000e+00
-7.905268110334873199e-03 -3.519317209720611572e-01 -4.527690708637237549e-01 1.000000000000000000e+00
-4.266294650733470917e-03 -2.723780274391174316e-01 -5.214895606040954590e-01 1.000000000000000000e+00
1.586565980687737465e-03 -1.917282640933990479e-01 -5.708659291267395020e-01 1.000000000000000000e+00
-1.012615635991096497e-01 -8.341182023286819458e-02 -4.139101803302764893e-01 1.000000000000000000e+00
-4.703776910901069641e-02 -7.199495285749435425e-02 -4.370990693569183350e-01 1.000000000000000000e+00
6.168105173856019974e-03 -6.696908175945281982e-02 -4.529088437557220459e-01 1.000000000000000000e+00
5.699317157268524170e-02 -7.651241868734359741e-02 -4.391639232635498047e-01 1.000000000000000000e+00
1.086527630686759949e-01 -9.325407445430755615e-02 -4.167967736721038818e-01 1.000000000000000000e+00
-3.715560138225555420e-01 -3.826996982097625732e-01 -2.036780714988708496e-01 1.000000000000000000e+00
-3.022755682468414307e-01 -4.517790079116821289e-01 -2.734137773513793945e-01 1.000000000000000000e+00
-2.226258069276809692e-01 -4.503256082534790039e-01 -2.810272872447967529e-01 1.000000000000000000e+00
-1.495350897312164307e-01 -3.937675356864929199e-01 -2.635569870471954346e-01 1.000000000000000000e+00
-2.192883342504501343e-01 -3.646300137042999268e-01 -2.776574790477752686e-01 1.000000000000000000e+00
-2.866714298725128174e-01 -3.554292619228363037e-01 -2.693650424480438232e-01 1.000000000000000000e+00
1.243809238076210022e-01 -4.091666042804718018e-01 -2.730079591274261475e-01 1.000000000000000000e+00
1.919656842947006226e-01 -4.720712602138519287e-01 -2.906286716461181641e-01 1.000000000000000000e+00
2.711416482925415039e-01 -4.849175214767456055e-01 -2.840868234634399414e-01 1.000000000000000000e+00
3.469323813915252686e-01 -4.244438409805297852e-01 -2.132361233234405518e-01 1.000000000000000000e+00
2.656660079956054688e-01 -3.869043290615081787e-01 -2.813459336757659912e-01 1.000000000000000000e+00
1.985184550285339355e-01 -3.869102895259857178e-01 -2.880989313125610352e-01 1.000000000000000000e+00
-1.604556888341903687e-01 2.972956895828247070e-01 -2.265892922878265381e-01 1.000000000000000000e+00
-1.180165261030197144e-01 1.309329867362976074e-01 -3.913343548774719238e-01 1.000000000000000000e+00
-3.646842762827873230e-02 7.088042795658111572e-02 -4.656429290771484375e-01 1.000000000000000000e+00
1.361858844757080078e-02 6.511915475130081177e-02 -4.747477769851684570e-01 1.000000000000000000e+00
6.415077298879623413e-02 6.715860217809677124e-02 -4.667807221412658691e-01 1.000000000000000000e+00
1.503810882568359375e-01 1.211008727550506592e-01 -3.922230899333953857e-01 1.000000000000000000e+00
2.104440927505493164e-01 2.768114805221557617e-01 -2.286979407072067261e-01 1.000000000000000000e+00
1.726264804601669312e-01 4.302234649658203125e-01 -2.396479547023773193e-01 1.000000000000000000e+00
9.945815801620483398e-02 4.848344922065734863e-01 -2.714996337890625000e-01 1.000000000000000000e+00
3.957403078675270081e-02 5.017653107643127441e-01 -2.753727436065673828e-01 1.000000000000000000e+00
-2.331969141960144043e-02 4.908668696880340576e-01 -2.718703448772430420e-01 1.000000000000000000e+00
-1.066004410386085510e-01 4.466048181056976318e-01 -2.412954419851303101e-01 1.000000000000000000e+00
-1.552772819995880127e-01 3.031669855117797852e-01 -2.152045220136642456e-01 1.000000000000000000e+00
-2.725272625684738159e-02 1.255086958408355713e-01 -3.861599564552307129e-01 1.000000000000000000e+00
1.652794145047664642e-02 1.150072291493415833e-01 -3.993510603904724121e-01 1.000000000000000000e+00
6.191701069474220276e-02 1.238679215312004089e-01 -3.861936628818511963e-01 1.000000000000000000e+00
2.082600146532058716e-01 2.751891613006591797e-01 -2.282914221286773682e-01 1.000000000000000000e+00
8.435142785310745239e-02 4.321395158767700195e-01 -2.261874079704284668e-01 1.000000000000000000e+00
3.550647199153900146e-02 4.381413161754608154e-01 -2.238262593746185303e-01 1.000000000000000000e+00
-1.391063816845417023e-02 4.365088939666748047e-01 -2.262290269136428833e-01 1.000000000000000000e+00
