-5.651838183403015137e-01 -3.143693208694458008e-01
-5.490645170211791992e-01 -1.726752519607543945e-01
-5.321743488311767578e-01 -2.924383059144020081e-02
-4.954811930656433105e-01 1.236100047826766968e-01
-4.299922883510589600e-01 2.539736032485961914e-01
-3.484967947006225586e-01 3.922657370567321777e-01
-2.546925544738769531e-01 5.574559569358825684e-01
-1.089290678501129150e-01 6.910924911499023438e-01
4.007446020841598511e-02 7.424179315567016602e-01
1.847344189882278442e-01 6.769039034843444824e-01
3.202861845493316650e-01 5.295144915580749512e-01
3.961411416530609131e-01 3.553122878074645996e-01
4.671801626682281494e-01 2.077110111713409424e-01
5.173422694206237793e-01 6.664135307073593140e-02
5.398491024971008301e-01 -9.035891294479370117e-02
5.395649671554565430e-01 -2.368416041135787964e-01
5.480349063873291016e-01 -3.816968798637390137e-01
-4.846131503582000732e-01 -4.218995869159698486e-01
-4.343076050281524658e-01 -5.655292272567749023e-01
-3.212942183017730713e-01 -6.093732118606567383e-01
-2.030145823955535889e-01 -6.023869514465332031e-01
-9.591200202703475952e-02 -5.628731250762939453e-01
5.597567558288574219e-02 -5.723922252655029297e-01
1.577841043472290039e-01 -6.227152943611145020e-01
2.747530639171600342e-01 -6.412011981010437012e-01
3.907389938831329346e-01 -6.142420172691345215e-01
4.557983577251434326e-01 -4.841440021991729736e-01
-1.075273100286722183e-02 -4.433577060699462891e-01
-7.905268110334873199e-03 -3.519317209720611572e-01
-4.266294650733470917e-03 -2.723780274391174316e-01
1.586565980687737465e-03 -1.917282640933990479e-01
-1.012615635991096497e-01 -8.341182023286819458e-02
-4.703776910901069641e-02 -7.199495285749435425e-02
6.168105173856019974e-03 -6.696908175945281982e-02
5.699317157268524170e-02 -7.651241868734359741e-02
1.086527630686759949e-01 -9.325407445430755615e-02
-3.715560138225555420e-01 -3.826996982097625732e-01
-3.022755682468414307e-01 -4.517790079116821289e-01
-2.226258069276809692e-01 -4.503256082534790039e-01
-1.495350897312164307e-01 -3.937675356864929199e-01
-2.192883342504501343e-01 -3.646300137042999268e-01
-2.866714298725128174e-01 -3.554292619228363037e-01
1.243809238076210022e-01 -4.091666042804718018e-01
1.919656842947006226e-01 -4.720712602138519287e-01
2.711416482925415039e-01 -4.849175214767456055e-01
3.469323813915252686e-01 -4.244438409805297852e-01
2.656660079956054688e-01 -3.869043290615081787e-01
1.985184550285339355e-01 -3.869102895259857178e-01
-1.604556888341903687e-01 2.972956895828247070e-01
-1.180165261030197144e-01 1.309329867362976074e-01
-3.646842762827873230e-02 7.088042795658111572e-02
1.361858844757080078e-02 6.511915475130081177e-02
6.415077298879623413e-02 6.715860217809677124e-02
1.503810882568359375e-01 1.211008727550506592e-01
2.104440927505493164e-01 2.768114805221557617e-01
1.726264804601669312e-01 4.302234649658203125e-01
9.945815801620483398e-02 4.848344922065734863e-01
3.957403078675270081e-02 5.017653107643127441e-01
-2.331969141960144043e-02 4.908668696880340576e-01
-1.066004410386085510e-01 4.466048181056976318e-01
-1.552772819995880127e-01 3.031669855117797852e-01
-2.725272625684738159e-02 1.255086958408355713e-01
1.652794145047664642e-02 1.150072291493415833e-01
6.191701069474220276e-02 1.238679215312004089e-01
2.082600146532058716e-01 2.751891613006591797e-01
8.435142785310745239e-02 4.321395158767700195e-01
3.550647199153900146e-02 4.381413161754608154e-01
-1.391063816845417023e-02 4.365088939666748047e-01
